11/10/23 10:50 PM | chs set to 1,1,1,1,1,1,1,1,1,1,1,1,1,1
11/10/23 10:50 PM | chs set to 1,0,1,1,1,1,1,1,1,1,1,1,1,1
11/10/23 10:38 PM | chs set to 1,1,1,1,1,1,1,1,1,1,1,1,1,1
11/10/23 10:35 PM | chs set to 1,0,1,1,1,1,1,1,1,1,1,1,1,1
11/10/23 10:29 PM | chs set to 1,1,1,1,1,1,1,1,1,1,1,1,1,1
11/10/23 10:28 PM | chs set to 0,0,1,1,1,1,1,1,1,1,1,1,1,1
11/10/23 10:28 PM | chs set to 1,1,1,1,1,1,1,1,1,1,1,1,1,1
11/10/23 10:28 PM | chs set to 1,1,1,1,1,1,1,1,0,1,1,1,1,1
11/10/23 10:25 PM | chs set to 1,1,1,1,1,1,1,1,0,1,1,1,1,1
11/10/23 10:25 PM | chs set to 1,1,1,1,1,1,1,1,1,1,1,1,1,1
11/10/23 10:24 PM | chs set to 1,1,1,1,1,1,1,1,0,1,1,1,1,1
11/10/23 10:20 PM | chs set to 1,1,1,1,1,1,1,1,0,1,1,1,1,1
11/10/23 10:20 PM | chs set to 1,1,1,1,1,1,1,1,0,1,1,1,1,1
11/10/23 10:19 PM | chs set to 1,1,1,1,1,1,1,1,0,1,1,1,1,1
11/10/23 10:18 PM | chs set to 1,1,1,1,1,1,1,1,0,1,1,1,1,1
11/10/23 10:17 PM | chs set to 1,1,1,1,1,1,1,1,0,1,1,1,1,1
11/10/23 10:15 PM | chs set to 1,1,1,1,1,1,1,1,0,1,1,1,1,1
11/10/23 10:14 PM | chs set to 1,1,1,1,1,1,1,1,0,1,1,1,1,1
11/10/23 10:12 PM | chs set to 1,1,1,1,1,1,1,1,0,1,1,1,1,1
11/10/23 10:12 PM | chs set to 1,1,1,1,1,1,1,1,0,1,1,1,1,1
11/10/23 10:11 PM | chs set to 1,1,1,1,1,1,1,1,0,1,1,1,1,1
11/10/23 10:10 PM | chs set to 1,1,1,1,1,1,1,1,0,1,1,1,1,1
11/10/23 2:35 PM | chs set to 1,0,1,1,1,1,1,1,0,1,1,1,1,1
11/10/23 2:35 PM | chs set to 1,1,1,1,1,1,1,1,0,1,1,1,1,1
11/10/23 2:33 PM | chs set to 1,0,1,1,1,1,1,1,0,1,1,1,1,1
11/10/23 2:33 PM | chs set to 1,0,1,1,1,1,1,1,1,1,1,1,1,1
11/10/23 2:10 PM | chs set to 1,0,1,1,1,1,1,1,0,1,1,1,1,1
11/10/23 2:00 PM | chs set to 1,1,1,1,1,1,1,1,0,1,1,1,1,1
11/10/23 2:00 PM | chs set to 1,0,1,1,1,1,1,1,0,1,1,1,1,1
11/10/23 1:59 PM | chs set to 1,1,1,1,1,1,1,1,0,1,1,1,1,1
11/10/23 1:54 PM | chs set to 1,0,1,1,1,1,1,1,0,1,1,1,1,1
